Idle Energy:
policy: 0
system_processes: 20402.221313192123
rabbitmq: 0
uva: 0
sidecar: 135.12119984300602
orchestrator: 0
vu: 0
surf: 0
policy-enforcer: 0
api-gateway: 0
sql-algorithm: 102.93791031738297

Active Energy:
policy: 0
system_processes: 20492.841768933402
rabbitmq: 0
uva: 0
sidecar: 19.502905162451658
orchestrator: 0
vu: 0
surf: 0
policy-enforcer: 0
api-gateway: 0
sql-algorithm: 86.92458764833995
