Idle Energy:
policy: 66.53495710920541
system_processes: 18893.66070885529
rabbitmq: 0
policy-enforcer: 0
sidecar: 0
orchestrator: 0
surf: 0
vu: 0
api-gateway: 0
uva: 0

Active Energy:
policy: 51.878305702476304
system_processes: 19391.87192266817
rabbitmq: 0
policy-enforcer: 0
sidecar: 0
orchestrator: 0
surf: 0
vu: 0
api-gateway: 0
uva: 0
sql-algorithm: 0
