Idle Energy:
system_processes: 18312.78085577144
policy: 0
rabbitmq: 58.64260633805883
policy-enforcer: 0
orchestrator: 0
sidecar: 0
uva: 0
vu: 0
api-gateway: 0
surf: 0
sql-algorithm: 0

Active Energy:
system_processes: 19778.394773303586
policy: 0
rabbitmq: 44.853993510822924
policy-enforcer: 0
orchestrator: 0
sidecar: 0
uva: 0
vu: 0
api-gateway: 0
surf: 0
sql-algorithm: 0
sql-query: 0
