Idle Energy:
policy: 42.18540618020571
system_processes: 19374.42926068492
rabbitmq: 0
policy-enforcer: 0
sidecar: 0
orchestrator: 0
surf: 0
vu: 0
api-gateway: 0
uva: 0

Active Energy:
policy: 44.68148938297947
system_processes: 19200.6080857233
rabbitmq: 0
policy-enforcer: 0
sidecar: 0
orchestrator: 0
surf: 0
vu: 0
api-gateway: 0
uva: 0
