Idle Energy:
system_processes: 18617.140534817736
policy: 0
rabbitmq: 82.96276542551396
policy-enforcer: 0
orchestrator: 0
sidecar: 0
uva: 0
vu: 0
api-gateway: 0
surf: 0

Active Energy:
system_processes: 20090.26387730682
policy: 0
rabbitmq: 47.354630812822975
policy-enforcer: 0
orchestrator: 0
sidecar: 0
uva: 0
vu: 0
api-gateway: 0
surf: 0
sql-query: 0
sql-algorithm: 0
