Idle Energy:
policy: 0
system_processes: 20460.993377483508
rabbitmq: 47.534112627227856
uva: 4.140184008178141
sidecar: 0
orchestrator: 0
vu: 0
surf: 0
policy-enforcer: 90.18800835592697
api-gateway: 0
sql-algorithm: 0

Active Energy:
policy: 0
system_processes: 20642.329326585954
rabbitmq: 0
uva: 0
sidecar: 0
orchestrator: 0
vu: 0
surf: 0
policy-enforcer: 0
api-gateway: 0
sql-algorithm: 0
