Idle Energy:
policy: 61.374727765678394
system_processes: 19078.75549918793
rabbitmq: 0
policy-enforcer: 0
sidecar: 0
orchestrator: 0
surf: 0
vu: 0
api-gateway: 0
uva: 0

Active Energy:
policy: 54.18180606020208
system_processes: 19253.386289883736
rabbitmq: 0
policy-enforcer: 0
sidecar: 0
orchestrator: 0
surf: 0
vu: 0
api-gateway: 0
uva: 0
sql-algorithm: 0
sql-query: 0
