Idle Energy:
system_processes: 17150.558850021454
policy: 0
rabbitmq: 79.45953153473448
policy-enforcer: 0
orchestrator: 0
sidecar: 0
uva: 0
vu: 0
api-gateway: 0
surf: 0

Active Energy:
system_processes: 17237.415485620957
policy: 0
rabbitmq: 77.90346237610572
policy-enforcer: 0
orchestrator: 0
sidecar: 0
uva: 0
vu: 0
api-gateway: 0
surf: 0
