Idle Energy:
system_processes: 17780.713960453057
policy: 0
rabbitmq: 63.29881328058982
policy-enforcer: 0
orchestrator: 0
sidecar: 0
uva: 0
vu: 0
api-gateway: 0
surf: 0
sql-algorithm: 0

Active Energy:
system_processes: 19091.249789090405
policy: 0
rabbitmq: 48.506155829147524
policy-enforcer: 0
orchestrator: 0
sidecar: 0
uva: 0
vu: 0
api-gateway: 0
surf: 0
sql-algorithm: 0
sql-query: 0
