Idle Energy:
policy: 73.71527623449981
system_processes: 19361.4948784847
rabbitmq: 0
policy-enforcer: 0
sidecar: 0
orchestrator: 0
surf: 0
vu: 0
api-gateway: 0
uva: 0
sql-algorithm: 0

Active Energy:
policy: 67.64850990065975
system_processes: 19527.366862659153
rabbitmq: 0
policy-enforcer: 0
sidecar: 0
orchestrator: 0
surf: 0
vu: 0
api-gateway: 0
uva: 0
sql-algorithm: 0
