Idle Energy:
system_processes: 21121.385410300656
policy: 0
rabbitmq: 0
sidecar: 56.623145730318235
orchestrator: 0
policy-enforcer: 0
api-gateway: 0
uva: 0
vu: 0
surf: 3.096172009556085

Active Energy:
system_processes: 21725.203281075905
policy: 0
rabbitmq: 0
sidecar: 55.62585419513991
orchestrator: 0
policy-enforcer: 0
api-gateway: 0
uva: 0
vu: 0
surf: 0
sql-query: 0
sql-algorithm: 0
