Idle Energy:
policy: 66.85497133205946
system_processes: 18863.96012266072
rabbitmq: 0
policy-enforcer: 0
sidecar: 0
orchestrator: 0
surf: 0
vu: 0
api-gateway: 0
uva: 0

Active Energy:
policy: 66.38695053113496
system_processes: 18816.32177023507
rabbitmq: 0
policy-enforcer: 0
sidecar: 0
orchestrator: 0
surf: 0
vu: 0
api-gateway: 0
uva: 0
