Idle Energy:
system_processes: 18385.06140969983
policy: 0
rabbitmq: 64.50358353241784
policy-enforcer: 0
orchestrator: 0
sidecar: 0
uva: 0
vu: 0
api-gateway: 0
surf: 0

Active Energy:
system_processes: 19406.350963675843
policy: 0
rabbitmq: 53.60697816545357
policy-enforcer: 0
orchestrator: 0
sidecar: 0
uva: 0
vu: 0
api-gateway: 0
surf: 0
sql-query: 13.214880688068806
sql-algorithm: 0
