Idle Energy:
system_processes: 18566.304627041998
policy: 0
rabbitmq: 64.3122874858324
policy-enforcer: 0
orchestrator: 0
sidecar: 0
uva: 0
vu: 0
api-gateway: 0
surf: 0

Active Energy:
system_processes: 20089.047239622272
policy: 0
rabbitmq: 48.51869548308168
policy-enforcer: 0
orchestrator: 0
sidecar: 0
uva: 0
vu: 0
api-gateway: 0
surf: 0
sql-algorithm: 10.557034401146703
sql-query: 3.610957865262176
