Idle Energy:
system_processes: 17549.290251475188
policy: 0
rabbitmq: 70.98236607886881
policy-enforcer: 0
orchestrator: 0
sidecar: 0
uva: 0
vu: 0
api-gateway: 0
surf: 0

Active Energy:
system_processes: 19258.40055194722
policy: 0
rabbitmq: 47.05809147073296
policy-enforcer: 0
orchestrator: 0
sidecar: 0
uva: 0
vu: 0
api-gateway: 0
surf: 0
sql-algorithm: 0
sql-query: 0
