Idle Energy:
system_processes: 18557.412767233964
policy: 0
rabbitmq: 50.158229254633206
policy-enforcer: 0
orchestrator: 0
sidecar: 0
uva: 0
vu: 0
api-gateway: 0
surf: 0
sql-algorithm: 0

Active Energy:
system_processes: 19957.818106735664
policy: 0
rabbitmq: 45.56653147397088
policy-enforcer: 0
orchestrator: 0
sidecar: 0
uva: 0
vu: 0
api-gateway: 0
surf: 0
sql-algorithm: 0
sql-query: 0
