Idle Energy:
system_processes: 18469.151329791264
policy: 0
rabbitmq: 65.14761931218354
policy-enforcer: 0
orchestrator: 0
sidecar: 0
uva: 0
vu: 0
api-gateway: 0
surf: 0

Active Energy:
system_processes: 19750.505464055674
policy: 0
rabbitmq: 49.19018623049908
policy-enforcer: 0
orchestrator: 0
sidecar: 0
uva: 0
vu: 0
api-gateway: 0
surf: 0
sql-algorithm: 0
sql-query: 0
