Idle Energy:
system_processes: 21081.096937641538
policy: 0
rabbitmq: 0
sidecar: 78.03546824303329
orchestrator: 0
policy-enforcer: 0
api-gateway: 0
uva: 0
vu: 0
surf: 0

Active Energy:
system_processes: 21096.280430235816
policy: 0
rabbitmq: 0
sidecar: 70.29190510583918
orchestrator: 0
policy-enforcer: 0
api-gateway: 0
uva: 0
vu: 0
surf: 0
