Idle Energy:
system_processes: 21533.060317328825
policy: 0
rabbitmq: 0
sidecar: 69.03583532418467
orchestrator: 0
policy-enforcer: 0
api-gateway: 0
uva: 0
vu: 0
surf: 0

Active Energy:
system_processes: 22701.316196487398
policy: 0
rabbitmq: 0
sidecar: 59.1165979576189
orchestrator: 0
policy-enforcer: 0
api-gateway: 0
uva: 0
vu: 0
surf: 0
sql-query: 0
sql-algorithm: 0
