Idle Energy:
policy: 0
system_processes: 20162.39368657593
rabbitmq: 0
uva: 0
sidecar: 58.25025145841435
orchestrator: 0
vu: 0
surf: 0
policy-enforcer: 0
api-gateway: 0
sql-algorithm: 249.3263818438894

Active Energy:
policy: 0
system_processes: 20443.290478990893
rabbitmq: 0
uva: 0
sidecar: 47.557458681956064
orchestrator: 0
vu: 0
surf: 0
policy-enforcer: 0
api-gateway: 0
sql-algorithm: 194.2583393446448
