Idle Energy:
system_processes: 18261.838519783618
policy: 0
rabbitmq: 64.10756153119588
policy-enforcer: 0
orchestrator: 0
sidecar: 0
uva: 0
vu: 0
api-gateway: 0
surf: 0

Active Energy:
system_processes: 19320.555130733625
policy: 0
rabbitmq: 44.51896793119509
policy-enforcer: 0
orchestrator: 0
sidecar: 15.600868133631435
uva: 0
vu: 0
api-gateway: 0
surf: 0
sql-algorithm: 0
sql-query: 49.927978965965515
