Idle Energy:
system_processes: 18062.814255483565
policy: 0
rabbitmq: 72.40882725515053
policy-enforcer: 0
orchestrator: 0
sidecar: 3.2562170811387428
uva: 0
vu: 0
api-gateway: 0
surf: 0

Active Energy:
system_processes: 19740.47441688807
policy: 0
rabbitmq: 52.09547303153486
policy-enforcer: 0
orchestrator: 0
sidecar: 0
uva: 0
vu: 0
api-gateway: 0
surf: 1.7721181412094131
sql-query: 0
sql-algorithm: 0
