Idle Energy:
policy: 0
system_processes: 20866.655258626757
rabbitmq: 0
uva: 0
sidecar: 0
orchestrator: 0
vu: 0
surf: 0
policy-enforcer: 0
api-gateway: 0
sql-algorithm: 0

Active Energy:
policy: 0
system_processes: 21130.340535585718
rabbitmq: 0
uva: 0
sidecar: 12.346586952898429
orchestrator: 0
vu: 0
surf: 0
policy-enforcer: 0
api-gateway: 0
sql-algorithm: 6.231682322744091
