Idle Energy:
system_processes: 20310.568350926675
policy: 0
rabbitmq: 0
surf: 0
uva: 2.636117160762701
sidecar: 69.67909684874883
orchestrator: 0
api-gateway: 0
vu: 0
policy-enforcer: 0

Active Energy:
system_processes: 21866.373375054263
policy: 0
rabbitmq: 2.512139563309073
surf: 0
uva: 4.432246235901994
sidecar: 58.87527084838047
orchestrator: 0
api-gateway: 0
vu: 0
policy-enforcer: 0
sql-algorithm: 0
sql-query: 0
