Idle Energy:
policy: 48.229607653588424
system_processes: 19240.0603930269
rabbitmq: 0
policy-enforcer: 0
sidecar: 0
orchestrator: 0
surf: 0
vu: 0
api-gateway: 0
uva: 0

Active Energy:
policy: 57.16654073514386
system_processes: 20544.11845886641
rabbitmq: 0
policy-enforcer: 0
sidecar: 0
orchestrator: 0
surf: 0
vu: 0
api-gateway: 0
uva: 0
sql-query: 0
sql-algorithm: 0
