Idle Energy:
system_processes: 18358.971585443902
policy: 0
rabbitmq: 64.4922994866327
policy-enforcer: 0
orchestrator: 0
sidecar: 0
uva: 0
vu: 0
api-gateway: 0
surf: 0
sql-algorithm: 0

Active Energy:
system_processes: 19806.904257503145
policy: 0
rabbitmq: 50.142228543490084
policy-enforcer: 0
orchestrator: 0
sidecar: 0
uva: 0
vu: 0
api-gateway: 0
surf: 0
sql-algorithm: 0
sql-query: 0
