Idle Energy:
system_processes: 21128.335037112527
policy: 0
rabbitmq: 0
sidecar: 42.02986799413307
orchestrator: 0
policy-enforcer: 0
api-gateway: 0
uva: 0
vu: 0
surf: 0

Active Energy:
system_processes: 21528.899897629304
policy: 0
rabbitmq: 0
sidecar: 99.97183999288869
orchestrator: 0
policy-enforcer: 25.589196764300635
api-gateway: 10.116362416107382
uva: 10.438580203564602
vu: 17.5560840037335
surf: 8.106489088403928
sql-query: 0
sql-algorithm: 0
