Idle Energy:
system_processes: 18890.465213122774
policy: 0
rabbitmq: 55.30707261514503
policy-enforcer: 0
orchestrator: 0
sidecar: 0
uva: 0
vu: 0
api-gateway: 0
surf: 0
sql-algorithm: 0

Active Energy:
system_processes: 20224.05570025013
policy: 0
rabbitmq: 36.25801433412942
policy-enforcer: 0
orchestrator: 0
sidecar: 40.284304816934274
uva: 0
vu: 0
api-gateway: 0
surf: 2.716150897272071
sql-algorithm: 15.649162197899884
sql-query: 0
