Idle Energy:
system_processes: 21056.185872862425
policy: 0
rabbitmq: 0
sidecar: 66.55821860728686
orchestrator: 0
policy-enforcer: 0
api-gateway: 0
uva: 0
vu: 0
surf: 0

Active Energy:
system_processes: 21901.17167774218
policy: 0
rabbitmq: 0
sidecar: 70.16311836081626
orchestrator: 0
policy-enforcer: 0
api-gateway: 0
uva: 0
vu: 0
surf: 0
sql-query: 0
sql-algorithm: 0
