Idle Energy:
system_processes: 17766.0757040973
policy: 0
rabbitmq: 54.074403306813636
policy-enforcer: 0
orchestrator: 0
sidecar: 0
uva: 0
vu: 0
api-gateway: 0
surf: 0

Active Energy:
system_processes: 19330.813191956702
policy: 0
rabbitmq: 46.57006978087989
policy-enforcer: 0
orchestrator: 0
sidecar: 0
uva: 0
vu: 0
api-gateway: 0
surf: 0
sql-algorithm: 0
sql-query: 0
