Idle Energy:
system_processes: 18295.62737037295
policy: 0
rabbitmq: 70.54313525045504
policy-enforcer: 0
orchestrator: 0
sidecar: 0
uva: 0
vu: 0
api-gateway: 0
surf: 0
sql-algorithm: 0

Active Energy:
system_processes: 19838.888560874817
policy: 0
rabbitmq: 45.06650369464879
policy-enforcer: 0
orchestrator: 0
sidecar: 0
uva: 0
vu: 0
api-gateway: 0
surf: 0
sql-algorithm: 10.745041536102407
sql-query: 19.035231815454363
