Idle Energy:
policy: 0
system_processes: 20234.72288936314
rabbitmq: 0
uva: 0
sidecar: 0
orchestrator: 0
vu: 0
surf: 0
policy-enforcer: 0
api-gateway: 0
sql-algorithm: 113.21825464575551

Active Energy:
policy: 0
system_processes: 20586.331616908796
rabbitmq: 0
uva: 0
sidecar: 0
orchestrator: 0
vu: 0
surf: 0
policy-enforcer: 0
api-gateway: 0
sql-algorithm: 49.48674926384799
