Idle Energy:
policy: 41.76539217973934
system_processes: 19393.445266839644
rabbitmq: 0
policy-enforcer: 0
sidecar: 0
orchestrator: 0
surf: 0
vu: 0
api-gateway: 0
uva: 0

Active Energy:
policy: 51.026267834125576
system_processes: 19166.154311880277
rabbitmq: 0
policy-enforcer: 0
sidecar: 0
orchestrator: 0
surf: 0
vu: 0
api-gateway: 0
uva: 0
