Idle Energy:
system_processes: 17288.97279305819
policy: 0
rabbitmq: 74.47130983599278
policy-enforcer: 0
orchestrator: 0
sidecar: 0
uva: 0
vu: 0
api-gateway: 0
surf: 0

Active Energy:
system_processes: 18987.96814842833
policy: 0
rabbitmq: 54.038401706742725
policy-enforcer: 0
orchestrator: 0
sidecar: 0
uva: 0
vu: 0
api-gateway: 0
surf: 0
sql-algorithm: 0
sql-query: 0
