Idle Energy:
system_processes: 19402.74639008319
policy: 0
rabbitmq: 76.14738432819237
policy-enforcer: 0
orchestrator: 0
sidecar: 0
uva: 0
vu: 0
api-gateway: 0
surf: 0

Active Energy:
system_processes: 20595.838793942818
policy: 0
rabbitmq: 54.5264233965954
policy-enforcer: 0
orchestrator: 0
sidecar: 0
uva: 0
vu: 0
api-gateway: 0
surf: 0
sql-query: 0
sql-algorithm: 0
