Idle Energy:
system_processes: 17899.049856994927
policy: 0
rabbitmq: 50.85769525650763
policy-enforcer: 0
orchestrator: 0
sidecar: 0
uva: 0
vu: 0
api-gateway: 0
surf: 0

Active Energy:
system_processes: 19290.257008648907
policy: 0
rabbitmq: 49.29419085292702
policy-enforcer: 0
orchestrator: 0
sidecar: 0
uva: 0
vu: 0
api-gateway: 0
surf: 0
sql-query: 0
sql-algorithm: 0
