Idle Energy:
policy: 51.49771659055285
system_processes: 19725.855797178272
rabbitmq: 0
policy-enforcer: 0
sidecar: 0
orchestrator: 0
surf: 0
vu: 0
api-gateway: 0
uva: 0
sql-algorithm: 0

Active Energy:
policy: 48.13413929507929
system_processes: 19903.79058991532
rabbitmq: 0
policy-enforcer: 0
sidecar: 0
orchestrator: 0
surf: 0
vu: 0
api-gateway: 0
uva: 0
sql-algorithm: 0
