Idle Energy:
system_processes: 18532.704584024606
policy: 0
rabbitmq: 62.142761900528825
policy-enforcer: 0
orchestrator: 0
sidecar: 0
uva: 0
vu: 0
api-gateway: 0
surf: 0

Active Energy:
system_processes: 20269.670188672557
policy: 0
rabbitmq: 34.62915430514359
policy-enforcer: 0
orchestrator: 0
sidecar: 0
uva: 0
vu: 0
api-gateway: 0
surf: 0
sql-algorithm: 0
sql-query: 0
